4383 13.739554514523 0.0986795054492993
4384 13.9056057346819 0.080765179567482
4385 13.6799593243098 0.0888650069946953
4386 13.6799593243098 0.0888650069946953
4387 13.9056057346819 0.080765179567482
4388 13.9056057346819 0.080765179567482
4389 13.6799593243098 0.0888650069946953
4390 13.9025942265503 0.110821477492464
4391 13.9621894167635 0.103329639012184
4392 13.9025942265503 0.110821477492464
4393 13.6799593243098 0.0888650069946953
4394 13.7365430063914 0.108559241446888
4395 13.9056057346819 0.080765179567482
4396 13.9056057346819 0.080765179567482
4397 13.9056057346819 0.080765179567482
4398 13.9056057346819 0.080765179567482
4399 13.6799593243098 0.0888650069946953
4400 13.9056057346819 0.080765179567482
4401 13.9056057346819 0.080765179567482
4402 14.1282406369224 0.1052260647557
4403 13.6799593243098 0.0888650069946953
4404 13.9056057346819 0.080765179567482
4405 13.9621894167635 0.103329639012184
4406 13.6799593243098 0.0888650069946953
4407 13.6799593243098 0.0888650069946953
4408 13.9056057346819 0.080765179567482
4409 13.739554514523 0.0986795054492993
4410 13.9056057346819 0.080765179567482
4411 14.2693607129237 0.222662577795745
4412 13.9056057346819 0.080765179567482
4413 13.9056057346819 0.080765179567482
4414 13.9621894167635 0.103329639012184
4415 13.6799593243098 0.0888650069946953
4416 13.9056057346819 0.080765179567482
4417 13.9056057346819 0.080765179567482
4418 13.9056057346819 0.080765179567482
4419 13.9056057346819 0.080765179567482
4420 13.9056057346819 0.080765179567482
4421 13.9056057346819 0.080765179567482
4422 13.9056057346819 0.080765179567482
4423 13.9056057346819 0.080765179567482
4424 13.9056057346819 0.080765179567482
4425 13.9056057346819 0.080765179567482
4426 13.739554514523 0.0986795054492993
4427 13.7365430063914 0.108559241446888
4428 13.9056057346819 0.080765179567482
4429 13.739554514523 0.0986795054492993
4430 13.9056057346819 0.080765179567482
4431 13.9056057346819 0.080765179567482
4432 13.6799593243098 0.0888650069946953
4433 13.9056057346819 0.080765179567482
4434 13.9056057346819 0.080765179567482
4435 13.9056057346819 0.080765179567482
4436 13.6799593243098 0.0888650069946953
4437 13.6799593243098 0.0888650069946953
4438 13.9056057346819 0.080765179567482
4439 13.9056057346819 0.080765179567482
4440 13.9025942265503 0.110821477492464
4441 13.9056057346819 0.080765179567482
4442 13.9056057346819 0.080765179567482
4443 13.6799593243098 0.0888650069946953
4444 13.9621894167635 0.103329639012184
4445 13.9621894167635 0.103329639012184
4446 13.6799593243098 0.0888650069946953
4447 14.1282406369224 0.1052260647557
4448 13.9056057346819 0.080765179567482
4449 13.9056057346819 0.080765179567482
4450 13.9056057346819 0.080765179567482
4451 13.7365430063914 0.108559241446888
4452 13.9056057346819 0.080765179567482
4453 13.9056057346819 0.080765179567482
4454 13.9056057346819 0.080765179567482
4455 13.9056057346819 0.080765179567482
4456 13.9056057346819 0.080765179567482
4457 13.7365430063914 0.108559241446888
4458 14.1282406369224 0.1052260647557
4459 13.6799593243098 0.0888650069946953
4460 13.9056057346819 0.080765179567482
4461 13.9056057346819 0.080765179567482
4462 13.9056057346819 0.080765179567482
4463 13.9056057346819 0.080765179567482
4464 13.9056057346819 0.080765179567482
4465 13.6799593243098 0.0888650069946953
4466 13.9621894167635 0.103329639012184
4467 13.9056057346819 0.080765179567482
4468 13.739554514523 0.0986795054492993
4469 13.7365430063914 0.108559241446888
4470 13.6799593243098 0.0888650069946953
4471 13.6799593243098 0.0888650069946953
4472 13.6799593243098 0.0888650069946953
4473 13.6799593243098 0.0888650069946953
4474 13.9056057346819 0.080765179567482
4475 13.9621894167635 0.103329639012184
4476 13.9056057346819 0.080765179567482
4477 13.6799593243098 0.0888650069946953
4478 13.6799593243098 0.0888650069946953
4479 13.6799593243098 0.0888650069946953
4480 13.6799593243098 0.0888650069946953
4481 13.9056057346819 0.080765179567482
4482 13.9056057346819 0.080765179567482
4483 13.9056057346819 0.080765179567482
4484 13.9056057346819 0.080765179567482
4485 13.9056057346819 0.080765179567482
4486 13.9056057346819 0.080765179567482
4487 13.9025942265503 0.110821477492464
4488 13.9056057346819 0.080765179567482
4489 13.9025942265503 0.110821477492464
4490 13.5139081041509 0.104932547233027
4491 13.9621894167635 0.103329639012184
4492 13.9056057346819 0.080765179567482
4493 13.9056057346819 0.080765179567482
4494 13.9056057346819 0.080765179567482
4495 13.9056057346819 0.080765179567482
4496 14.4919956151642 0.223470268942048
4497 14.1282406369224 0.1052260647557
4498 13.9056057346819 0.080765179567482
4499 13.9056057346819 0.080765179567482
4500 13.6799593243098 0.0888650069946953
4501 13.739554514523 0.0986795054492993
4502 14.6580468353231 0.226513615912606
4503 13.9056057346819 0.080765179567482
4504 13.9056057346819 0.080765179567482
4505 13.9621894167635 0.103329639012184
4506 13.9056057346819 0.080765179567482
4507 13.9056057346819 0.080765179567482
4508 13.6799593243098 0.0888650069946953
4509 13.6799593243098 0.0888650069946953
4510 13.7365430063914 0.108559241446888
4511 13.9056057346819 0.080765179567482
4512 13.9056057346819 0.080765179567482
4513 13.9056057346819 0.080765179567482
4514 13.9056057346819 0.080765179567482
4515 13.5139081041509 0.104932547233027
4516 13.9056057346819 0.080765179567482
4517 13.9056057346819 0.080765179567482
4518 13.9621894167635 0.103329639012184
4519 13.9056057346819 0.080765179567482
4520 13.739554514523 0.0986795054492993
4521 13.9621894167635 0.103329639012184
4522 13.9621894167635 0.103329639012184
4523 13.9056057346819 0.080765179567482
4524 12.9369970724264 0.126359869844426
4525 13.3286947029573 0.102420831730802
4526 13.3286947029573 0.102420831730802
4527 13.3256831948258 0.103830006758464
4528 13.385278385039 0.0959988933485116
4529 13.5513296051979 0.0953785310410968
4530 13.385278385039 0.0959988933485116
4531 13.1596319746669 0.103916375415705
4532 13.632854490986 0.231971119367162
4533 12.9369970724264 0.126359869844426
4534 13.385278385039 0.0959988933485116
4535 13.5513296051979 0.0953785310410968
4536 13.5513296051979 0.0953785310410968
4537 13.385278385039 0.0959988933485116
4538 13.5513296051979 0.0953785310410968
4539 13.3286947029573 0.102420831730802
4540 13.5513296051979 0.0953785310410968
4541 13.0740486860557 0.13942648827311
4542 13.5513296051979 0.0953785310410968
4543 13.1626434827985 0.119242991759449
4544 13.3286947029573 0.102420831730802
4545 13.5513296051979 0.0953785310410968
4546 13.3256831948258 0.103830006758464
4547 13.385278385039 0.0959988933485116
4548 13.3286947029573 0.102420831730802
4549 13.1596319746669 0.103916375415705
4550 13.5513296051979 0.0953785310410968
4551 13.385278385039 0.0959988933485116
4552 13.5513296051979 0.0953785310410968
4553 13.5513296051979 0.0953785310410968
4554 13.1030482925853 0.111079849479067
4555 13.5513296051979 0.0953785310410968
4556 13.1030482925853 0.111079849479067
4557 13.385278385039 0.0959988933485116
4558 13.3286947029573 0.102420831730802
4559 13.3286947029573 0.102420831730802
4560 13.5513296051979 0.0953785310410968
4561 13.5513296051979 0.0953785310410968
4562 14.3029675851681 0.0955871762597032
4563 14.5286139955402 0.0860151374756251
4564 14.5286139955402 0.0860151374756251
4565 14.3625627753813 0.095688573630015
4566 14.5286139955402 0.0860151374756251
4567 14.3029675851681 0.0955871762597032
4568 14.5286139955402 0.0860151374756251
4569 14.5286139955402 0.0860151374756251
4570 14.3029675851681 0.0955871762597032
4571 14.3029675851681 0.0955871762597032
4572 12.5244078429541 0.0958851635471154
4573 12.8881628211959 0.215045197878229
4574 12.5840030331673 0.0824440979576752
4575 12.5274193510856 0.0920760404107239
4576 12.8881628211959 0.215045197878229
4577 12.7500542533261 0.08929255463603
4578 12.5840030331673 0.0824440979576752
4579 12.5840030331673 0.0824440979576752
4580 12.5840030331673 0.0824440979576752
4581 12.5840030331673 0.0824440979576752
4582 12.5840030331673 0.0824440979576752
4583 12.3613681309268 0.104460553143648
4584 13.113809231568 0.213327640239102
4585 12.5840030331673 0.0824440979576752
4586 12.3583566227952 0.0889778230716896
4587 12.5274193510856 0.0920760404107239
4588 12.5840030331673 0.0824440979576752
4589 12.5840030331673 0.0824440979576752
4590 12.5840030331673 0.0824440979576752
4591 13.113809231568 0.213327640239102
4592 12.5840030331673 0.0824440979576752
4593 13.113809231568 0.213327640239102
4594 12.5840030331673 0.0824440979576752
4595 12.3017729407136 0.0993171765642959
4596 12.1357217205547 0.110440621790882
4597 12.5274193510856 0.0920760404107239
4598 12.5840030331673 0.0824440979576752
4599 12.3583566227952 0.0889778230716896
4600 12.5274193510856 0.0920760404107239
4601 12.5840030331673 0.0824440979576752
4602 12.5840030331673 0.0824440979576752
4603 12.5840030331673 0.0824440979576752
4604 12.5274193510856 0.0920760404107239
4605 12.5840030331673 0.0824440979576752
4606 13.113809231568 0.213327640239102
4607 12.5840030331673 0.0824440979576752
4608 12.3613681309268 0.104460553143648
4609 13.2798604517268 0.218308863316512
4610 12.5244078429541 0.0958851635471154
4611 12.3017729407136 0.0993171765642959
4612 12.5840030331673 0.0824440979576752
4613 12.8881628211959 0.215045197878229
4614 12.3583566227952 0.0889778230716896
4615 12.5840030331673 0.0824440979576752
4616 12.5840030331673 0.0824440979576752
4617 12.5840030331673 0.0824440979576752
4618 12.5840030331673 0.0824440979576752
4619 12.8881628211959 0.215045197878229
4620 12.5840030331673 0.0824440979576752
4621 12.3583566227952 0.0889778230716896
4622 13.113809231568 0.213327640239102
4623 12.7500542533261 0.08929255463603
4624 12.5840030331673 0.0824440979576752
4625 12.5274193510856 0.0920760404107239
4626 12.5840030331673 0.0824440979576752
4627 12.5274193510856 0.0920760404107239
4628 12.3583566227952 0.0889778230716896
4629 12.5840030331673 0.0824440979576752
4630 12.9852501998998 0.463859667561771
4631 12.0907614839072 0.112316260856312
4632 12.9852501998998 0.463859667561771
4633 12.0907614839072 0.112316260856312
4634 12.7596037895278 0.467016919742982
4635 12.0907614839072 0.112316260856312
4636 12.0907614839072 0.112316260856312
4637 11.8651150735351 0.12191134790847
4638 12.031166293694 0.130393061418348
4639 11.8651150735351 0.12191134790847
4640 12.9256550096866 0.469547661901489
4641 12.0907614839072 0.112316260856312
4642 12.0907614839072 0.112316260856312
4643 11.8651150735351 0.12191134790847
4644 14.3625627753813 0.095688573630015
4645 14.5286139955402 0.0860151374756251
4646 14.892368973782 0.214447864644339
4647 14.3625627753813 0.095688573630015
4648 15.0584201939409 0.212612638592608
4649 14.5286139955402 0.0860151374756251
4650 14.6667225634099 0.217350274456565
4651 14.1369163650092 0.10389334410439
4652 14.892368973782 0.214447864644339
4653 14.3625627753813 0.095688573630015
4654 14.1369163650092 0.10389334410439
4655 14.3625627753813 0.095688573630015
4656 13.5513296051979 0.0953785310410968
4657 13.0144534958425 0.150369592643409
4658 13.5513296051979 0.0953785310410968
4659 13.3256831948258 0.103830006758464
4660 13.5513296051979 0.0953785310410968
4661 13.3256831948258 0.103830006758464
4662 13.1596319746669 0.103916375415705
4663 13.385278385039 0.0959988933485116
4664 13.3256831948258 0.103830006758464
4665 12.5840030331673 0.0824440979576752
4666 12.3583566227952 0.0889778230716896
4667 12.5840030331673 0.0824440979576752
4668 12.7500542533261 0.08929255463603
4669 12.5244078429541 0.0958851635471154
4670 12.5274193510856 0.0920760404107239
4671 12.5244078429541 0.0958851635471154
4672 12.3583566227952 0.0889778230716896
4673 12.3583566227952 0.0889778230716896
4674 12.5840030331673 0.0824440979576752
4675 12.7500542533261 0.08929255463603
4676 12.5274193510856 0.0920760404107239
4677 12.5840030331673 0.0824440979576752
4678 12.5840030331673 0.0824440979576752
4679 12.5840030331673 0.0824440979576752
4680 12.5274193510856 0.0920760404107239
4681 12.4388245543429 0.143442726377913
4682 12.7500542533261 0.08929255463603
4683 12.3583566227952 0.0889778230716896
4684 12.5244078429541 0.0958851635471154
4685 12.5244078429541 0.0958851635471154
4686 12.5840030331673 0.0824440979576752
4687 12.5840030331673 0.0824440979576752
4688 12.3017729407136 0.0993171765642959
4689 12.7500542533261 0.08929255463603
4690 12.5274193510856 0.0920760404107239
4691 12.7500542533261 0.08929255463603
4692 12.5274193510856 0.0920760404107239
4693 12.5274193510856 0.0920760404107239
4694 12.5840030331673 0.0824440979576752
4695 12.5840030331673 0.0824440979576752
4696 12.7500542533261 0.08929255463603
4697 12.5840030331673 0.0824440979576752
4698 12.5244078429541 0.0958851635471154
4699 12.7500542533261 0.08929255463603
4700 12.3583566227952 0.0889778230716896
4701 12.5840030331673 0.0824440979576752
4702 12.0471269238119 0.140000807496005
4703 12.5840030331673 0.0824440979576752
4704 12.5840030331673 0.0824440979576752
4705 14.5286139955402 0.0860151374756251
4706 14.5286139955402 0.0860151374756251
4707 14.5286139955402 0.0860151374756251
4708 14.3029675851681 0.0955871762597032
4709 14.3029675851681 0.0955871762597032
4710 14.5286139955402 0.0860151374756251
4711 14.3029675851681 0.0955871762597032
4712 14.5286139955402 0.0860151374756251
4713 14.5286139955402 0.0860151374756251
4714 14.3029675851681 0.0955871762597032
4715 14.3029675851681 0.0955871762597032
4716 14.3029675851681 0.0955871762597032
4717 14.5286139955402 0.0860151374756251
4718 14.3059790932997 0.106549080456427
4719 14.1399278731408 0.12930795321727
4720 14.3029675851681 0.0955871762597032
4721 14.5286139955402 0.0860151374756251
4722 14.1399278731408 0.12930795321727
4723 14.5286139955402 0.0860151374756251
4724 14.1399278731408 0.12930795321727
4725 14.3625627753813 0.095688573630015
4726 14.1369163650092 0.10389334410439
4727 14.3029675851681 0.0955871762597032
4728 14.3029675851681 0.0955871762597032
4729 14.3029675851681 0.0955871762597032
4730 14.3029675851681 0.0955871762597032
4731 14.5286139955402 0.0860151374756251
4732 14.3625627753813 0.095688573630015
4733 14.5286139955402 0.0860151374756251
4734 14.5286139955402 0.0860151374756251
4735 14.5286139955402 0.0860151374756251
4736 14.3059790932997 0.106549080456427
4737 14.0803326829276 0.115135185779243
4738 14.5286139955402 0.0860151374756251
4739 14.5286139955402 0.0860151374756251
4740 14.0803326829276 0.115135185779243
4741 14.3059790932997 0.106549080456427
4742 14.3029675851681 0.0955871762597032
4743 14.1369163650092 0.10389334410439
4744 14.5286139955402 0.0860151374756251
4745 14.5286139955402 0.0860151374756251
4746 14.1369163650092 0.10389334410439
4747 14.3625627753813 0.095688573630015
4748 14.5286139955402 0.0860151374756251
4749 14.1369163650092 0.10389334410439
4750 14.5286139955402 0.0860151374756251
4751 14.1399278731408 0.12930795321727
4752 14.5286139955402 0.0860151374756251
4753 14.3625627753813 0.095688573630015
4754 14.3029675851681 0.0955871762597032
4755 14.5286139955402 0.0860151374756251
4756 14.3625627753813 0.095688573630015
4757 14.3029675851681 0.0955871762597032
4758 14.3029675851681 0.0955871762597032
4759 14.5286139955402 0.0860151374756251
4760 14.5286139955402 0.0860151374756251
4761 14.5286139955402 0.0860151374756251
4762 14.5286139955402 0.0860151374756251
4763 14.3029675851681 0.0955871762597032
4764 14.5286139955402 0.0860151374756251
4765 14.5286139955402 0.0860151374756251
4766 14.5286139955402 0.0860151374756251
4767 14.5286139955402 0.0860151374756251
4768 14.3029675851681 0.0955871762597032
4769 14.5286139955402 0.0860151374756251
4770 14.3625627753813 0.095688573630015
4771 14.5286139955402 0.0860151374756251
4772 14.5286139955402 0.0860151374756251
4773 14.5286139955402 0.0860151374756251
4774 14.5286139955402 0.0860151374756251
4775 14.5286139955402 0.0860151374756251
4776 14.3625627753813 0.095688573630015
4777 14.5286139955402 0.0860151374756251
4778 14.3625627753813 0.095688573630015
4779 14.3029675851681 0.0955871762597032
4780 14.1369163650092 0.10389334410439
4781 14.5286139955402 0.0860151374756251
4782 14.5286139955402 0.0860151374756251
4783 14.5286139955402 0.0860151374756251
4784 12.2082187213901 0.0984951064805564
4785 12.2082187213901 0.0984951064805564
4786 12.2082187213901 0.0984951064805564
4787 11.982572311018 0.102402819401256
4788 11.982572311018 0.102402819401256
4789 11.982572311018 0.102402819401256
4790 11.982572311018 0.102402819401256
4791 12.2082187213901 0.0984951064805564
4792 12.2082187213901 0.0984951064805564
4793 12.3742699415489 0.104135146989405
4794 11.982572311018 0.102402819401256
4795 11.982572311018 0.102402819401256
4796 11.982572311018 0.102402819401256
4797 11.982572311018 0.102402819401256
4798 11.982572311018 0.102402819401256
4799 11.7599374087775 0.12728259814578
4800 12.2082187213901 0.0984951064805564
4801 12.2082187213901 0.0984951064805564
4802 12.2082187213901 0.0984951064805564
4803 12.2082187213901 0.0984951064805564
4804 11.982572311018 0.102402819401256
4805 11.7599374087775 0.12728259814578
4806 11.982572311018 0.102402819401256
4807 12.2082187213901 0.0984951064805564
4808 12.3742699415489 0.104135146989405
4809 11.982572311018 0.102402819401256
4810 12.2082187213901 0.0984951064805564
4811 11.9855838191495 0.12349375815025
4812 11.982572311018 0.102402819401256
4813 11.6553819819168 0.13460965035333
4814 11.71497717213 0.118745991225964
4815 11.4923422698895 0.141419748017467
4816 11.71497717213 0.118745991225964
4817 11.8810283922889 0.12691144707013
4818 11.8810283922889 0.12691144707013
4819 11.8810283922889 0.12691144707013
4820 11.71497717213 0.118745991225964
4821 11.71497717213 0.118745991225964
4822 11.71497717213 0.118745991225964
4823 11.4923422698895 0.141419748017467
4824 11.4893307617579 0.126542769206863
4825 11.4893307617579 0.126542769206863
4826 11.71497717213 0.118745991225964
4827 11.71497717213 0.118745991225964
4828 12.6756719709138 0.110163245788602
4829 12.6756719709138 0.110163245788602
4830 12.5096207507549 0.108391660808199
4831 12.6756719709138 0.110163245788602
4832 12.4500255605417 0.114702183317545
4833 12.4500255605417 0.114702183317545
4834 12.5096207507549 0.108391660808199
4835 12.4500255605417 0.114702183317545
4836 12.5096207507549 0.108391660808199
4837 12.5096207507549 0.108391660808199
4838 12.4500255605417 0.114702183317545
4839 12.5096207507549 0.108391660808199
4840 12.4500255605417 0.114702183317545
4841 12.5096207507549 0.108391660808199
4842 12.5096207507549 0.108391660808199
4843 12.5096207507549 0.108391660808199
4844 11.7907327911228 0.140291962625546
4845 12.1824304216537 0.137421997286959
4846 12.0163792014948 0.132795160382853
4847 12.1824304216537 0.137421997286959
4848 12.0163792014948 0.132795160382853
4849 12.0163792014948 0.132795160382853
4850 13.5513296051979 0.0953785310410968
4851 13.5513296051979 0.0953785310410968
4852 13.385278385039 0.0959988933485116
4853 13.1030482925853 0.111079849479067
4854 13.1596319746669 0.103916375415705
4855 13.385278385039 0.0959988933485116
4856 13.385278385039 0.0959988933485116
4857 13.5513296051979 0.0953785310410968
4858 13.3286947029573 0.102420831730802
4859 13.3256831948258 0.103830006758464
4860 13.5513296051979 0.0953785310410968
4861 13.1030482925853 0.111079849479067
4862 13.5513296051979 0.0953785310410968
4863 13.3256831948258 0.103830006758464
4864 13.5513296051979 0.0953785310410968
4865 13.3256831948258 0.103830006758464
4866 13.1596319746669 0.103916375415705
4867 13.3256831948258 0.103830006758464
4868 13.1596319746669 0.103916375415705
4869 13.5513296051979 0.0953785310410968
4870 13.5513296051979 0.0953785310410968
4871 13.3286947029573 0.102420831730802
4872 13.385278385039 0.0959988933485116
4873 13.3286947029573 0.102420831730802
4874 13.385278385039 0.0959988933485116
4875 12.8677246953091 0.102460244628169
4876 12.6420782849371 0.109356962895937
4877 12.5854946028554 0.128845626183615
4878 13.033775915468 0.111179761734137
4879 12.8677246953091 0.102460244628169
4880 12.8677246953091 0.102460244628169
4881 12.8677246953091 0.102460244628169
4882 12.6420782849371 0.109356962895937
4883 12.8677246953091 0.102460244628169
4884 12.5854946028554 0.128845626183615
4885 12.8081295050959 0.117993913352873
4886 12.6420782849371 0.109356962895937
4887 12.6420782849371 0.109356962895937
4888 12.6420782849371 0.109356962895937
4889 12.8677246953091 0.102460244628169
4890 12.8081295050959 0.117993913352873
4891 12.8677246953091 0.102460244628169
4892 12.8677246953091 0.102460244628169
4893 12.8111410132275 0.121960941082072
4894 12.6420782849371 0.109356962895937
4895 12.8677246953091 0.102460244628169
4896 12.8677246953091 0.102460244628169
4897 12.8081295050959 0.117993913352873
4898 12.6420782849371 0.109356962895937
4899 12.6420782849371 0.109356962895937
4900 12.8677246953091 0.102460244628169
4901 12.5564949963258 0.15155362772473
4902 12.6420782849371 0.109356962895937
4903 13.033775915468 0.111179761734137
4904 12.8677246953091 0.102460244628169
4905 12.3744831460491 0.119437970957457
4906 12.3744831460491 0.119437970957457
4907 12.5405343662079 0.130350791036107
4908 12.3744831460491 0.119437970957457
4909 12.3744831460491 0.119437970957457
4910 12.5405343662079 0.130350791036107
4911 12.3744831460491 0.119437970957457
4912 12.148836735677 0.129821735840299
4913 12.148836735677 0.129821735840299
4914 12.3744831460491 0.119437970957457
4915 12.5405343662079 0.130350791036107
4916 14.2984528265265 0.248324522981215
4917 14.0728064161544 0.252487727431199
4918 14.2984528265265 0.248324522981215
4919 14.2984528265265 0.248324522981215
4920 14.2984528265265 0.248324522981215
4921 14.2984528265265 0.248324522981215
4922 14.2984528265265 0.248324522981215
4923 12.3742699415489 0.104135146989405
4924 12.3742699415489 0.104135146989405
4925 11.982572311018 0.102402819401256
4926 12.1486235311769 0.10830494367166
4927 12.3742699415489 0.104135146989405
4928 11.8969890224068 0.133083497109139
4929 12.3742699415489 0.104135146989405
4930 12.3742699415489 0.104135146989405
4931 12.3742699415489 0.104135146989405
4932 12.3742699415489 0.104135146989405
4933 12.1486235311769 0.10830494367166
4934 11.9259886289364 0.117619480624606
4935 12.2082187213901 0.0984951064805564
4936 11.8969890224068 0.133083497109139
4937 12.3742699415489 0.104135146989405
4938 11.6713426120347 0.137257861142671
4939 12.1516350393084 0.113063743831646
4940 12.2082187213901 0.0984951064805564
4941 12.1486235311769 0.10830494367166
4942 12.3742699415489 0.104135146989405
4943 12.3742699415489 0.104135146989405
4944 11.8969890224068 0.133083497109139
4945 11.8969890224068 0.133083497109139
4946 12.1486235311769 0.10830494367166
4947 12.1516350393084 0.113063743831646
4948 12.3742699415489 0.104135146989405
4949 12.2082187213901 0.0984951064805564
4950 12.1516350393084 0.113063743831646
4951 12.3742699415489 0.104135146989405
4952 12.2082187213901 0.0984951064805564
4953 12.2082187213901 0.0984951064805564
4954 12.3742699415489 0.104135146989405
4955 12.2082187213901 0.0984951064805564
4956 12.3742699415489 0.104135146989405
4957 12.1486235311769 0.10830494367166
4958 11.8969890224068 0.133083497109139
4959 11.6713426120347 0.137257861142671
4960 11.8810283922889 0.12691144707013
4961 11.8810283922889 0.12691144707013
4962 11.8810283922889 0.12691144707013
4963 12.5715511044546 0.362406196129583
4964 11.71497717213 0.118745991225964
4965 12.4500255605417 0.114702183317545
4966 11.9757561495311 0.144481037027085
4967 12.5096207507549 0.108391660808199
4968 11.9727446413995 0.124691657177312
4969 12.1983910517716 0.119518567499141
4970 12.4530370686733 0.122712422525975
4971 12.6756719709138 0.110163245788602
4972 12.2839743403828 0.112554971917658
4973 12.2839743403828 0.112554971917658
4974 12.6756719709138 0.110163245788602
4975 12.5096207507549 0.108391660808199
4976 12.6756719709138 0.110163245788602
4977 11.9727446413995 0.124691657177312
4978 12.6756719709138 0.110163245788602
4979 12.6756719709138 0.110163245788602
4980 12.1983910517716 0.119518567499141
4981 12.6756719709138 0.110163245788602
4982 12.2839743403828 0.112554971917658
4983 12.6756719709138 0.110163245788602
4984 12.2839743403828 0.112554971917658
4985 12.4500255605417 0.114702183317545
4986 12.1983910517716 0.119518567499141
4987 12.6756719709138 0.110163245788602
4988 12.1983910517716 0.119518567499141
4989 12.6756719709138 0.110163245788602
4990 12.4500255605417 0.114702183317545
4991 12.4500255605417 0.114702183317545
4992 12.4530370686733 0.122712422525975
4993 12.5096207507549 0.108391660808199
4994 12.6756719709138 0.110163245788602
4995 11.9727446413995 0.124691657177312
4996 12.6756719709138 0.110163245788602
4997 12.4500255605417 0.114702183317545
4998 12.5096207507549 0.108391660808199
4999 12.1983910517716 0.119518567499141
5000 12.2839743403828 0.112554971917658
5001 12.4530370686733 0.122712422525975
5002 12.4530370686733 0.122712422525975
5003 12.5096207507549 0.108391660808199
5004 12.2839743403828 0.112554971917658
5005 13.1030482925853 0.111079849479067
5006 13.1030482925853 0.111079849479067
5007 13.1030482925853 0.111079849479067
5008 13.017465003974 0.148440096442596
5009 13.2400999062146 0.143471099702647
5010 13.385278385039 0.0959988933485116
5011 13.0740486860557 0.13942648827311
5012 12.9369970724264 0.126359869844426
5013 12.9369970724264 0.126359869844426
5014 13.0740486860557 0.13942648827311
5015 13.1030482925853 0.111079849479067
5016 13.0740486860557 0.13942648827311
5017 13.3286947029573 0.102420831730802
5018 13.0740486860557 0.13942648827311
5019 13.385278385039 0.0959988933485116
5020 13.2400999062146 0.143471099702647
5021 13.385278385039 0.0959988933485116
5022 13.1030482925853 0.111079849479067
5023 13.3286947029573 0.102420831730802
5024 13.1626434827985 0.119242991759449
5025 13.0144534958425 0.150369592643409
5026 13.385278385039 0.0959988933485116
5027 13.0144534958425 0.150369592643409
5028 13.1030482925853 0.111079849479067
5029 13.1030482925853 0.111079849479067
5030 13.1626434827985 0.119242991759449
5031 12.8484022756836 0.146171211288417
5032 13.3286947029573 0.102420831730802
5033 13.1030482925853 0.111079849479067
5034 13.1030482925853 0.111079849479067
5035 13.2400999062146 0.143471099702647
5036 13.2400999062146 0.143471099702647
5037 13.5513296051979 0.0953785310410968
5038 13.3286947029573 0.102420831730802
5039 13.2400999062146 0.143471099702647
5040 11.6713426120347 0.137257861142671
5041 11.8969890224068 0.133083497109139
5042 11.8969890224068 0.133083497109139
5043 12.2082187213901 0.0984951064805564
5044 11.8969890224068 0.133083497109139
5045 12.2082187213901 0.0984951064805564
5046 12.1516350393084 0.113063743831646
5047 11.6713426120347 0.137257861142671
5048 11.8969890224068 0.133083497109139
5049 11.8969890224068 0.133083497109139
5050 12.1516350393084 0.113063743831646
5051 11.8373938321936 0.146103655006138
5052 12.3742699415489 0.104135146989405
5053 11.9259886289364 0.117619480624606
5054 11.6713426120347 0.137257861142671
5055 11.8969890224068 0.133083497109139
5056 12.1516350393084 0.113063743831646
5057 11.8404053403251 0.148707157604586
5058 12.2082187213901 0.0984951064805564
5059 12.2082187213901 0.0984951064805564
5060 12.5840030331673 0.0824440979576752
5061 12.5274193510856 0.0920760404107239
5062 12.3583566227952 0.0889778230716896
5063 12.7500542533261 0.08929255463603
5064 12.3017729407136 0.0993171765642959
5065 12.5840030331673 0.0824440979576752
5066 12.3017729407136 0.0993171765642959
5067 12.5840030331673 0.0824440979576752
5068 12.3017729407136 0.0993171765642959
5069 12.5274193510856 0.0920760404107239
5070 12.5244078429541 0.0958851635471154
5071 12.5274193510856 0.0920760404107239
5072 12.3017729407136 0.0993171765642959
5073 12.272773334184 0.134672753618015
5074 12.5840030331673 0.0824440979576752
5075 12.5274193510856 0.0920760404107239
5076 12.5840030331673 0.0824440979576752
5077 12.5274193510856 0.0920760404107239
5078 12.5274193510856 0.0920760404107239
5079 12.5274193510856 0.0920760404107239
5080 12.5274193510856 0.0920760404107239
5081 12.5840030331673 0.0824440979576752
5082 12.5840030331673 0.0824440979576752
5083 12.5840030331673 0.0824440979576752
5084 12.3017729407136 0.0993171765642959
5085 12.5840030331673 0.0824440979576752
5086 12.5274193510856 0.0920760404107239
5087 12.3583566227952 0.0889778230716896
5088 12.3583566227952 0.0889778230716896
5089 12.272773334184 0.134672753618015
5090 12.3017729407136 0.0993171765642959
5091 12.3583566227952 0.0889778230716896
5092 12.5840030331673 0.0824440979576752
5093 12.3017729407136 0.0993171765642959
5094 12.5840030331673 0.0824440979576752
5095 12.5840030331673 0.0824440979576752
5096 12.5840030331673 0.0824440979576752
5097 12.272773334184 0.134672753618015
5098 12.5274193510856 0.0920760404107239
5099 12.3583566227952 0.0889778230716896
5100 12.5274193510856 0.0920760404107239
5101 12.3583566227952 0.0889778230716896
5102 12.7500542533261 0.08929255463603
5103 12.3583566227952 0.0889778230716896
5104 12.3583566227952 0.0889778230716896
5105 12.272773334184 0.134672753618015
5106 12.5840030331673 0.0824440979576752
5107 12.3017729407136 0.0993171765642959
5108 12.5840030331673 0.0824440979576752
5109 11.5029425058533 0.273217942052649
5110 11.5029425058533 0.273217942052649
5111 11.5029425058533 0.273217942052649
5112 11.8946401363843 0.272906403910059
5113 11.583410437401 0.296255985130288
5114 11.6689937260122 0.273857825181914
5115 12.424446334785 0.335720024410611
5116 11.6689937260122 0.273857825181914
5117 11.583410437401 0.296255985130288
5118 11.8946401363843 0.272906403910059
5119 12.8677246953091 0.102460244628169
5120 12.8081295050959 0.117993913352873
5121 12.8677246953091 0.102460244628169
5122 13.033775915468 0.111179761734137
5123 12.8677246953091 0.102460244628169
5124 12.8677246953091 0.102460244628169
5125 13.033775915468 0.111179761734137
5126 12.8677246953091 0.102460244628169
5127 13.033775915468 0.111179761734137
5128 12.8677246953091 0.102460244628169
5129 12.8081295050959 0.117993913352873
5130 12.8081295050959 0.117993913352873
5131 13.033775915468 0.111179761734137
5132 12.8677246953091 0.102460244628169
5133 12.8677246953091 0.102460244628169
5134 12.6420782849371 0.109356962895937
5135 12.6420782849371 0.109356962895937
5136 12.8677246953091 0.102460244628169
5137 13.033775915468 0.111179761734137
5138 12.8677246953091 0.102460244628169
5139 12.5405343662079 0.130350791036107
5140 12.5405343662079 0.130350791036107
5141 12.3744831460491 0.119437970957457
5142 12.3744831460491 0.119437970957457
5143 12.3744831460491 0.119437970957457
5144 12.3744831460491 0.119437970957457
5145 12.3744831460491 0.119437970957457
5146 14.3029675851681 0.0955871762597032
5147 14.3029675851681 0.0955871762597032
5148 14.3625627753813 0.095688573630015
5149 14.3029675851681 0.0955871762597032
5150 14.5286139955402 0.0860151374756251
5151 14.5286139955402 0.0860151374756251
5152 14.3029675851681 0.0955871762597032
5153 14.3625627753813 0.095688573630015
5154 14.3029675851681 0.0955871762597032
5155 14.3029675851681 0.0955871762597032
5156 14.5286139955402 0.0860151374756251
5157 14.3029675851681 0.0955871762597032
5158 14.5286139955402 0.0860151374756251
5159 14.3625627753813 0.095688573630015
5160 14.1369163650092 0.10389334410439
5161 14.5286139955402 0.0860151374756251
5162 14.3029675851681 0.0955871762597032
5163 14.5286139955402 0.0860151374756251
5164 14.3029675851681 0.0955871762597032
5165 12.8677246953091 0.102460244628169
5166 12.8677246953091 0.102460244628169
5167 12.6420782849371 0.109356962895937
5168 12.8677246953091 0.102460244628169
5169 12.8677246953091 0.102460244628169
5170 12.6420782849371 0.109356962895937
5171 12.8677246953091 0.102460244628169
5172 12.8677246953091 0.102460244628169
5173 12.8677246953091 0.102460244628169
5174 12.8677246953091 0.102460244628169
5175 12.6420782849371 0.109356962895937
5176 12.8677246953091 0.102460244628169
5177 12.6420782849371 0.109356962895937
5178 12.8677246953091 0.102460244628169
5179 12.6420782849371 0.109356962895937
5180 12.8677246953091 0.102460244628169
5181 12.6420782849371 0.109356962895937
5182 15.1747123791958 0.233840175132895
5183 15.1747123791958 0.233840175132895
5184 15.1747123791958 0.233840175132895
5185 15.1747123791958 0.233840175132895
5186 15.1747123791958 0.233840175132895
5187 15.1747123791958 0.233840175132895
5188 15.1747123791958 0.233840175132895
5189 15.1747123791958 0.233840175132895
5190 15.1747123791958 0.233840175132895
5191 15.1747123791958 0.233840175132895
5192 15.1747123791958 0.233840175132895
5193 15.1747123791958 0.233840175132895
5194 13.6930096846133 0.111391009207683
5195 13.7495933666949 0.101920028874185
5196 13.6930096846133 0.111391009207683
5197 13.5239469563228 0.11210276187573
5198 13.7495933666949 0.101920028874185
5199 13.5239469563228 0.11210276187573
5200 13.7495933666949 0.101920028874185
5201 13.6930096846133 0.111391009207683
5202 13.7495933666949 0.101920028874185
5203 13.5269584644544 0.118057134068195
5204 13.6930096846133 0.111391009207683
5205 13.6930096846133 0.111391009207683
5206 13.7495933666949 0.101920028874185
5207 13.5239469563228 0.11210276187573
5208 13.6930096846133 0.111391009207683
5209 13.7495933666949 0.101920028874185
5210 13.7495933666949 0.101920028874185
5211 13.6930096846133 0.111391009207683
5212 13.6930096846133 0.111391009207683
5213 13.7495933666949 0.101920028874185
5214 13.6930096846133 0.111391009207683
5215 13.7495933666949 0.101920028874185
5216 13.6930096846133 0.111391009207683
5217 13.5239469563228 0.11210276187573
5218 13.6930096846133 0.111391009207683
5219 13.7495933666949 0.101920028874185
5220 13.9156445868538 0.111661556877729
5221 13.4673632742412 0.121873600501595
5222 13.4673632742412 0.121873600501595
5223 14.2793995650956 0.224610181087062
5224 13.7495933666949 0.101920028874185
5225 13.7495933666949 0.101920028874185
5226 13.7495933666949 0.101920028874185
5227 13.6930096846133 0.111391009207683
5228 13.7495933666949 0.101920028874185
5229 13.2563518174348 0.124813496882353
5230 13.2563518174348 0.124813496882353
5231 13.2563518174348 0.124813496882353
5232 13.2563518174348 0.124813496882353
5233 12.9741217249811 0.149612420360221
5234 13.1997681353532 0.137154103742952
5235 13.1292999879239 0.285460546016177
5236 12.2108076671238 0.227401277829035
5237 12.1512124769106 0.221834785657465
5238 12.0626176801679 0.207773147153375
5239 13.1292999879239 0.285460546016177
5240 12.122212870381 0.201541367529294
5241 12.2882640905399 0.20292299462837
5242 12.122212870381 0.201541367529294
5243 12.7406138655245 0.2929011395485
5244 12.2882640905399 0.20292299462837
5245 12.122212870381 0.201541367529294
5246 12.122212870381 0.201541367529294
5247 11.896566460009 0.206179730308641
5248 12.122212870381 0.201541367529294
5249 11.896566460009 0.206179730308641
5250 12.122212870381 0.201541367529294
5251 12.2882640905399 0.20292299462837
5252 12.122212870381 0.201541367529294
5253 12.3768588872827 0.217708715839802
5254 11.8995779681405 0.211354251756709
5255 12.2882640905399 0.20292299462837
5256 12.0656291882994 0.204008082409185
5257 12.5096207507549 0.108391660808199
5258 11.9727446413995 0.124691657177312
5259 12.1983910517716 0.119518567499141
5260 12.14180736969 0.137530912299402
5261 12.14180736969 0.137530912299402
5262 12.2839743403828 0.112554971917658
5263 12.1983910517716 0.119518567499141
5264 12.14180736969 0.137530912299402
5265 12.1387958615584 0.131525330953197
5266 12.14180736969 0.137530912299402
5267 12.1983910517716 0.119518567499141
5268 12.1983910517716 0.119518567499141
5269 11.9161609593179 0.142982355075539
5270 12.5096207507549 0.108391660808199
5271 12.2839743403828 0.112554971917658
5272 12.1387958615584 0.131525330953197
5273 12.1983910517716 0.119518567499141
5274 11.9727446413995 0.124691657177312
5275 12.1983910517716 0.119518567499141
5276 12.14180736969 0.137530912299402
5277 11.9161609593179 0.142982355075539
5278 12.5096207507549 0.108391660808199
5279 12.3644422719305 0.126233160165084
5280 12.5096207507549 0.108391660808199
5281 12.5096207507549 0.108391660808199
5282 12.1983910517716 0.119518567499141
5283 12.1387958615584 0.131525330953197
5284 12.14180736969 0.137530912299402
5285 12.1387958615584 0.131525330953197
5286 11.9727446413995 0.124691657177312
5287 12.5096207507549 0.108391660808199
5288 12.5096207507549 0.108391660808199
5289 12.3644422719305 0.126233160165084
5290 12.1983910517716 0.119518567499141
5291 12.1983910517716 0.119518567499141
5292 11.9727446413995 0.124691657177312
5293 11.9161609593179 0.142982355075539
5294 12.5096207507549 0.108391660808199
5295 12.1983910517716 0.119518567499141
5296 13.5239469563228 0.11210276187573
5297 13.7495933666949 0.101920028874185
5298 13.7495933666949 0.101920028874185
5299 13.6899981764817 0.121443076308684
5300 13.7495933666949 0.101920028874185
5301 13.6899981764817 0.121443076308684
5302 13.5239469563228 0.11210276187573
5303 13.5269584644544 0.118057134068195
5304 13.7495933666949 0.101920028874185
5305 13.9156445868538 0.111661556877729
5306 13.4673632742412 0.121873600501595
5307 13.7495933666949 0.101920028874185
5308 13.7495933666949 0.101920028874185
5309 13.9156445868538 0.111661556877729
5310 13.6930096846133 0.111391009207683
5311 13.5239469563228 0.11210276187573
5312 13.6930096846133 0.111391009207683
5313 13.7495933666949 0.101920028874185
5314 13.9971694726419 0.236820450195768
5315 13.7495933666949 0.101920028874185
5316 13.4673632742412 0.121873600501595
5317 13.5239469563228 0.11210276187573
5318 13.6930096846133 0.111391009207683
5319 13.6930096846133 0.111391009207683
5320 13.5239469563228 0.11210276187573
5321 13.6930096846133 0.111391009207683
5322 13.6930096846133 0.111391009207683
5323 13.7495933666949 0.101920028874185
5324 13.5239469563228 0.11210276187573
5325 13.7495933666949 0.101920028874185
5326 13.6930096846133 0.111391009207683
5327 13.2563518174348 0.124813496882353
5328 13.2563518174348 0.124813496882353
5329 13.1997681353532 0.137154103742952
5330 13.1997681353532 0.137154103742952
5331 13.2563518174348 0.124813496882353
5332 13.7686466281258 0.23098995671442
5333 13.7686466281258 0.23098995671442
5334 13.7686466281258 0.23098995671442
5335 13.7686466281258 0.23098995671442
5336 13.7686466281258 0.23098995671442
5337 13.7686466281258 0.23098995671442
5338 13.7686466281258 0.23098995671442
5339 13.7686466281258 0.23098995671442
5340 13.7686466281258 0.23098995671442
5341 13.5430002177537 0.236274443312163
5342 12.6485550006245 0.126428840578225
5343 12.871189902865 0.124870745056386
5344 12.7051386827061 0.128664802155171
5345 12.4229085902524 0.132233655497257
5346 12.479492272334 0.13338005322153
5347 12.871189902865 0.124870745056386
5348 12.871189902865 0.124870745056386
5349 12.6485550006245 0.126428840578225
5350 12.4229085902524 0.132233655497257
5351 12.6485550006245 0.126428840578225
5352 12.871189902865 0.124870745056386
5353 12.479492272334 0.13338005322153
5354 12.6485550006245 0.126428840578225
5355 12.6455434924929 0.130111839658012
5356 12.6485550006245 0.126428840578225
5357 12.6485550006245 0.126428840578225
5358 12.871189902865 0.124870745056386
5359 12.3939089837228 0.168435407495044
5360 12.7051386827061 0.128664802155171
5361 12.871189902865 0.124870745056386
5362 12.871189902865 0.124870745056386
5363 12.7051386827061 0.128664802155171
5364 12.1116788912691 0.175970236130822
5365 12.6485550006245 0.126428840578225
5366 12.3373253016412 0.170647543978142
5367 12.7051386827061 0.128664802155171
5368 12.7051386827061 0.128664802155171
5369 12.871189902865 0.124870745056386
5370 12.4229085902524 0.132233655497257
5371 12.6485550006245 0.126428840578225
5372 12.871189902865 0.124870745056386
5373 12.871189902865 0.124870745056386
5374 12.5599602038817 0.169326584781084
5375 12.4229085902524 0.132233655497257
5376 12.6485550006245 0.126428840578225
5377 12.6455434924929 0.130111839658012
5378 12.871189902865 0.124870745056386
5379 12.6455434924929 0.130111839658012
5380 12.4229085902524 0.132233655497257
5381 12.871189902865 0.124870745056386
5382 12.7051386827061 0.128664802155171
5383 12.871189902865 0.124870745056386
5384 12.871189902865 0.124870745056386
5385 12.479492272334 0.13338005322153
5386 12.7051386827061 0.128664802155171
5387 12.6485550006245 0.126428840578225
5388 12.871189902865 0.124870745056386
5389 12.479492272334 0.13338005322153
5390 12.4229085902524 0.132233655497257
5391 12.6485550006245 0.126428840578225
5392 12.6485550006245 0.126428840578225
5393 12.6485550006245 0.126428840578225
5394 12.871189902865 0.124870745056386
5395 12.7051386827061 0.128664802155171
5396 12.871189902865 0.124870745056386
5397 12.4229085902524 0.132233655497257
5398 12.871189902865 0.124870745056386
5399 12.3779483536049 0.149729980311142
5400 11.9296670409923 0.160589621895162
5401 12.1553134513644 0.152184520101827
5402 12.211897133446 0.150059765491482
5403 12.620189753158 0.37901922049827
5404 13.5239469563228 0.11210276187573
5405 13.3013120540823 0.12760064226643
5406 13.5239469563228 0.11210276187573
5407 13.7495933666949 0.101920028874185
5408 13.7495933666949 0.101920028874185
5409 13.9156445868538 0.111661556877729
5410 13.5269584644544 0.118057134068195
5411 13.9156445868538 0.111661556877729
5412 13.6930096846133 0.111391009207683
5413 13.5269584644544 0.118057134068195
5414 13.7495933666949 0.101920028874185
5415 13.5239469563228 0.11210276187573
5416 13.7495933666949 0.101920028874185
5417 13.1997681353532 0.137154103742952
5418 13.1997681353532 0.137154103742952
5419 13.2563518174348 0.124813496882353
5420 13.0337169151943 0.139562588175747
5421 13.2563518174348 0.124813496882353
